time	V(n001)	V(n003)	I(C1)	I(C2)	I(R1)
0.000000000000000e+000	1.250000e+002	1.250000e+002	1.250000e-015	1.250000e-015	2.461192e-015
1.734929372157370e-002	1.284116e+002	1.250062e+002	4.848878e-006	6.783443e-006	1.163232e-005
3.469858744314740e-002	1.318147e+002	1.250203e+002	9.674052e-006	1.352743e-005	2.320148e-005
5.204788116472110e-002	1.352092e+002	1.250424e+002	1.447552e-005	2.023195e-005	3.470747e-005
6.939717488629479e-002	1.385951e+002	1.250724e+002	1.925329e-005	2.689701e-005	4.615030e-005
8.674646860786850e-002	1.419724e+002	1.251104e+002	2.400736e-005	3.352262e-005	5.752997e-005
1.040957623294422e-001	1.453411e+002	1.251563e+002	2.873772e-005	4.010876e-005	6.884648e-005
1.214450560510159e-001	1.487013e+002	1.252102e+002	3.344438e-005	4.665545e-005	8.009982e-005
1.800388060510159e-001	1.598812e+002	1.254519e+002	4.901704e-005	6.826678e-005	1.172838e-004
2.386325560510159e-001	1.707658e+002	1.257834e+002	6.404165e-005	8.904173e-005	1.530834e-004
2.972263060510159e-001	1.812630e+002	1.262010e+002	7.839211e-005	1.088074e-004	1.871995e-004
3.558200560510159e-001	1.912840e+002	1.267003e+002	9.194807e-005	1.273995e-004	2.193476e-004
4.144138060510159e-001	2.007438e+002	1.272765e+002	1.045958e-004	1.446636e-004	2.492594e-004
4.730075560510159e-001	2.095624e+002	1.279238e+002	1.162294e-004	1.604563e-004	2.766857e-004
5.316013060510159e-001	2.176652e+002	1.286361e+002	1.267514e-004	1.746470e-004	3.013984e-004
6.194919310510159e-001	2.283290e+002	1.298113e+002	1.402604e-004	1.926763e-004	3.329367e-004
7.073825560510159e-001	2.370264e+002	1.310925e+002	1.508191e-004	2.065068e-004	3.573259e-004
7.952731810510159e-001	2.435920e+002	1.324527e+002	1.582302e-004	2.158843e-004	3.741145e-004
8.831638060510159e-001	2.479008e+002	1.338637e+002	1.623560e-004	2.206397e-004	3.829956e-004
9.710544310510159e-001	2.498708e+002	1.352962e+002	1.631214e-004	2.206912e-004	3.838126e-004
1.058945056051016e+000	2.494646e+002	1.367206e+002	1.605151e-004	2.160468e-004	3.765619e-004
1.146835681051016e+000	2.466898e+002	1.381075e+002	1.545903e-004	2.068034e-004	3.613937e-004
1.234726306051016e+000	2.415993e+002	1.394281e+002	1.454628e-004	1.931454e-004	3.386082e-004
1.322616931051016e+000	2.342899e+002	1.406551e+002	1.333096e-004	1.753410e-004	3.086506e-004
1.410507556051016e+000	2.249007e+002	1.417628e+002	1.183652e-004	1.537373e-004	2.721025e-004
1.469101306051016e+000	2.175726e+002	1.424234e+002	1.069915e-004	1.374283e-004	2.444198e-004
1.527695056051016e+000	2.094608e+002	1.430144e+002	9.460133e-005	1.197561e-004	2.143574e-004
1.586288806051016e+000	2.006340e+002	1.435301e+002	8.130044e-005	1.008726e-004	1.821730e-004
1.644882556051016e+000	1.911669e+002	1.439654e+002	6.720235e-005	8.093988e-005	1.481422e-004
1.703476306051016e+000	1.811398e+002	1.443161e+002	5.242728e-005	6.012905e-005	1.125563e-004
1.762070056051016e+000	1.706374e+002	1.445786e+002	3.710123e-005	3.861847e-005	7.571970e-005
1.820663806051016e+000	1.597487e+002	1.447500e+002	2.135482e-005	1.659245e-005	3.794727e-005
1.849960681051016e+000	1.541882e+002	1.448008e+002	1.336580e-005	5.444984e-006	1.881078e-005
1.879257556051016e+000	1.485658e+002	1.448282e+002	5.322219e-006	-5.760351e-006	-4.381317e-007
1.908554431051016e+000	1.428936e+002	1.448319e+002	-2.758776e-006	-1.699955e-005	-1.975833e-005
1.929480770336730e+000	1.388070e+002	1.448201e+002	-8.559995e-006	-2.505682e-005	-3.361681e-005
1.950407109622445e+000	1.347166e+002	1.447961e+002	-1.434951e-005	-3.308843e-005	-4.743794e-005
1.971333448908159e+000	1.306223e+002	1.447601e+002	-2.012733e-005	-4.109439e-005	-6.122172e-005
1.992259788193873e+000	1.265242e+002	1.447120e+002	-2.589345e-005	-4.907469e-005	-7.496814e-005
2.013186127479588e+000	1.224222e+002	1.446518e+002	-3.164787e-005	-5.702934e-005	-8.867721e-005
2.034112466765301e+000	1.183163e+002	1.445796e+002	-3.739059e-005	-6.495833e-005	-1.023489e-004
2.055038806051016e+000	1.142066e+002	1.444952e+002	-4.312161e-005	-7.286167e-005	-1.159833e-004
2.142929431051016e+000	9.717104e+001	1.440121e+002	-6.668773e-005	-1.052533e-004	-1.719410e-004
2.230820056051016e+000	8.066506e+001	1.433262e+002	-8.921114e-005	-1.360347e-004	-2.252459e-004
2.318710681051016e+000	6.500275e+001	1.424485e+002	-1.102604e-004	-1.646134e-004	-2.748738e-004
2.377304431051016e+000	5.517796e+001	1.417640e+002	-1.232737e-004	-1.821682e-004	-3.054419e-004
2.435898181051016e+000	4.594421e+001	1.410060e+002	-1.353409e-004	-1.983476e-004	-3.336885e-004
2.494491931051016e+000	3.737969e+001	1.401803e+002	-1.463590e-004	-2.130128e-004	-3.593718e-004
2.523788806051016e+000	3.337128e+001	1.397441e+002	-1.514448e-004	-2.197377e-004	-3.711825e-004
2.553085681051016e+000	2.955689e+001	1.392934e+002	-1.562339e-004	-2.260377e-004	-3.822716e-004
2.582382556051016e+000	2.594459e+001	1.388291e+002	-1.607158e-004	-2.318995e-004	-3.926153e-004
2.611679431051016e+000	2.254203e+001	1.383521e+002	-1.648812e-004	-2.373102e-004	-4.021914e-004
2.640976306051016e+000	1.935642e+001	1.378635e+002	-1.687210e-004	-2.422582e-004	-4.109792e-004
2.670273181051016e+000	1.639450e+001	1.373640e+002	-1.722269e-004	-2.467329e-004	-4.189599e-004
2.699570056051016e+000	1.366254e+001	1.368548e+002	-1.753916e-004	-2.507245e-004	-4.261161e-004
2.728866931051016e+000	1.116632e+001	1.363369e+002	-1.782082e-004	-2.542243e-004	-4.324325e-004
2.758163806051016e+000	8.911144e+000	1.358112e+002	-1.806706e-004	-2.572247e-004	-4.378952e-004
2.787460681051016e+000	6.901774e+000	1.352788e+002	-1.827735e-004	-2.597190e-004	-4.424925e-004
2.816757556051016e+000	5.142466e+000	1.347407e+002	-1.845124e-004	-2.617019e-004	-4.462143e-004
2.846054431051016e+000	3.636946e+000	1.341982e+002	-1.858835e-004	-2.631689e-004	-4.490523e-004
2.875351306051016e+000	2.388402e+000	1.336521e+002	-1.868838e-004	-2.641166e-004	-4.510003e-004
2.904648181051016e+000	1.399477e+000	1.331037e+002	-1.875110e-004	-2.645428e-004	-4.520538e-004
2.933945056051016e+000	6.722654e-001	1.325540e+002	-1.877638e-004	-2.644464e-004	-4.522102e-004
2.963241931051016e+000	2.083073e-001	1.320041e+002	-1.876416e-004	-2.638274e-004	-4.514690e-004
2.992538806051016e+000	8.584825e-003	1.314551e+002	-1.871444e-004	-2.626869e-004	-4.498313e-004
3.021835681051016e+000	7.352088e-002	1.309081e+002	-1.862733e-004	-2.610270e-004	-4.473004e-004
3.051132556051016e+000	4.029779e-001	1.303642e+002	-1.850300e-004	-2.588511e-004	-4.438812e-004
3.080429431051016e+000	9.962585e-001	1.298244e+002	-1.834171e-004	-2.561636e-004	-4.395807e-004
3.109726306051016e+000	1.852106e+000	1.292900e+002	-1.814378e-004	-2.529699e-004	-4.344078e-004
3.139023181051016e+000	2.968709e+000	1.287619e+002	-1.790963e-004	-2.492767e-004	-4.283730e-004
3.168320056051016e+000	4.343702e+000	1.282411e+002	-1.763975e-004	-2.450914e-004	-4.214889e-004
3.197616931051016e+000	5.974175e+000	1.277288e+002	-1.733469e-004	-2.404228e-004	-4.137697e-004
3.226913806051016e+000	7.856675e+000	1.272259e+002	-1.699509e-004	-2.352805e-004	-4.052314e-004
3.256210681051016e+000	9.987215e+000	1.267335e+002	-1.662166e-004	-2.296753e-004	-3.958919e-004
3.285507556051016e+000	1.236129e+001	1.262525e+002	-1.621519e-004	-2.236187e-004	-3.857706e-004
3.314804431051016e+000	1.497386e+001	1.257839e+002	-1.577653e-004	-2.171234e-004	-3.748887e-004
3.344101306051016e+000	1.781940e+001	1.253285e+002	-1.530660e-004	-2.102030e-004	-3.632689e-004
3.373398181051016e+000	2.089189e+001	1.248874e+002	-1.480637e-004	-2.028719e-004	-3.509356e-004
3.402695056051016e+000	2.418482e+001	1.244614e+002	-1.427691e-004	-1.951454e-004	-3.379145e-004
3.431991931051016e+000	2.769122e+001	1.240513e+002	-1.371932e-004	-1.870397e-004	-3.242329e-004
3.461288806051016e+000	3.140366e+001	1.236579e+002	-1.313478e-004	-1.785718e-004	-3.099196e-004
3.490585681051016e+000	3.531428e+001	1.232821e+002	-1.252452e-004	-1.697593e-004	-2.950045e-004
3.549179431051016e+000	4.369654e+001	1.225857e+002	-1.123200e-004	-1.511754e-004	-2.634954e-004
3.607773181051016e+000	5.276706e+001	1.219677e+002	-9.852651e-005	-1.314437e-004	-2.299702e-004
3.695663806051016e+000	6.749390e+001	1.211978e+002	-7.646372e-005	-1.000586e-004	-1.765223e-004
3.783554431051016e+000	8.331507e+001	1.206276e+002	-5.312731e-005	-6.705748e-005	-1.201848e-004
3.871445056051016e+000	9.992950e+001	1.202664e+002	-2.895914e-005	-3.306343e-005	-6.202257e-005
3.959335681051016e+000	1.170210e+002	1.201197e+002	-4.416866e-006	1.281583e-006	-3.135283e-006
3.988632556051016e+000	1.227681e+002	1.201187e+002	3.766716e-006	1.269574e-005	1.646246e-005
4.047226306051016e+000	1.342644e+002	1.201885e+002	2.003466e-005	3.532882e-005	5.536348e-005
4.105820056051016e+000	1.456822e+002	1.203530e+002	3.605622e-005	5.754334e-005	9.359956e-005
4.164413806051016e+000	1.569249e+002	1.206102e+002	5.169640e-005	7.915264e-005	1.308490e-004
4.223007556051016e+000	1.678974e+002	1.209577e+002	6.682344e-005	9.997516e-005	1.667986e-004
4.310898181051016e+000	1.836470e+002	1.216403e+002	8.827458e-005	1.293533e-004	2.176279e-004
4.398788806051016e+000	1.982806e+002	1.225036e+002	1.078796e-004	1.560150e-004	2.638946e-004
4.486679431051016e+000	2.115197e+002	1.235298e+002	1.252675e-004	1.794573e-004	3.047248e-004
4.574570056051016e+000	2.231123e+002	1.246977e+002	1.401094e-004	1.992385e-004	3.393479e-004
4.662460681051016e+000	2.328379e+002	1.259839e+002	1.521249e-004	2.149864e-004	3.671114e-004
4.750351306051016e+000	2.405113e+002	1.273624e+002	1.610874e-004	2.264056e-004	3.874929e-004
4.838241931051016e+000	2.459866e+002	1.288055e+002	1.668282e-004	2.332828e-004	4.001110e-004
4.926132556051016e+000	2.491595e+002	1.302846e+002	1.692400e-004	2.354913e-004	4.047313e-004
5.014023181051016e+000	2.499697e+002	1.317700e+002	1.682789e-004	2.329929e-004	4.012718e-004
5.101913806051016e+000	2.484017e+002	1.332322e+002	1.639650e-004	2.258393e-004	3.898043e-004
5.189804431051016e+000	2.444854e+002	1.346421e+002	1.563824e-004	2.141703e-004	3.705527e-004
5.277695056051016e+000	2.382953e+002	1.359715e+002	1.456771e-004	1.982118e-004	3.438889e-004
5.365585681051016e+000	2.299493e+002	1.371938e+002	1.320547e-004	1.782712e-004	3.103259e-004
5.453476306051016e+000	2.196060e+002	1.382845e+002	1.157762e-004	1.547316e-004	2.705079e-004
5.541366931051016e+000	2.074625e+002	1.392217e+002	9.715326e-005	1.280446e-004	2.251979e-004
5.629257556051016e+000	1.937496e+002	1.399862e+002	7.654192e-005	9.872153e-005	1.752635e-004
5.717148181051016e+000	1.787285e+002	1.405622e+002	5.433617e-005	6.732389e-005	1.216601e-004
5.775741931051016e+000	1.681279e+002	1.408354e+002	3.885508e-005	4.553503e-005	8.439011e-005
5.834335681051016e+000	1.571622e+002	1.410167e+002	2.298502e-005	2.327608e-005	4.626111e-005
5.892929431051016e+000	1.459243e+002	1.411042e+002	6.860859e-006	7.364279e-007	7.597287e-006
5.922226306051016e+000	1.402329e+002	1.411124e+002	-1.253761e-006	-1.057878e-005	-1.183254e-005
6.010116931051016e+000	1.230136e+002	1.409943e+002	-2.560088e-005	-4.441713e-005	-7.001801e-005
6.098007556051016e+000	1.058322e+002	1.406635e+002	-4.959137e-005	-7.759182e-005	-1.271832e-004
6.185898181051016e+000	8.901550e+001	1.401251e+002	-7.276706e-005	-1.094684e-004	-1.822354e-004
6.273788806051016e+000	7.288360e+001	1.393883e+002	-9.468533e-005	-1.394371e-004	-2.341224e-004
6.361679431051016e+000	5.774346e+001	1.384659e+002	-1.149275e-004	-1.669247e-004	-2.818521e-004
6.420273181051016e+000	4.834424e+001	1.377559e+002	-1.272986e-004	-1.836092e-004	-3.109078e-004
6.478866931051016e+000	3.959393e+001	1.369764e+002	-1.386468e-004	-1.988139e-004	-3.374607e-004
6.508163806051016e+000	3.548549e+001	1.365625e+002	-1.439068e-004	-2.058203e-004	-3.497272e-004
6.537460681051016e+000	3.156659e+001	1.361336e+002	-1.488757e-004	-2.124092e-004	-3.612849e-004
6.566757556051016e+000	2.784553e+001	1.356906e+002	-1.535428e-004	-2.185665e-004	-3.721093e-004
6.596054431051016e+000	2.433018e+001	1.352344e+002	-1.578982e-004	-2.242791e-004	-3.821773e-004
6.625351306051016e+000	2.102799e+001	1.347659e+002	-1.619327e-004	-2.295348e-004	-3.914674e-004
6.654648181051016e+000	1.794596e+001	1.342861e+002	-1.656375e-004	-2.343223e-004	-3.999599e-004
6.683945056051016e+000	1.509060e+001	1.337959e+002	-1.690049e-004	-2.386315e-004	-4.076364e-004
6.713241931051016e+000	1.246797e+001	1.332963e+002	-1.720276e-004	-2.424530e-004	-4.144807e-004
6.742538806051016e+000	1.008361e+001	1.327884e+002	-1.746993e-004	-2.457787e-004	-4.204780e-004
6.771835681051016e+000	7.942578e+000	1.322732e+002	-1.770141e-004	-2.486015e-004	-4.256156e-004
6.801132556051016e+000	6.049406e+000	1.317517e+002	-1.789671e-004	-2.509152e-004	-4.298823e-004
6.830429431051016e+000	4.408101e+000	1.312251e+002	-1.805542e-004	-2.527148e-004	-4.332690e-004
6.859726306051016e+000	3.022139e+000	1.306943e+002	-1.817718e-004	-2.539966e-004	-4.357684e-004
6.889023181051016e+000	1.894455e+000	1.301606e+002	-1.826175e-004	-2.547576e-004	-4.373750e-004
6.918320056051016e+000	1.027436e+000	1.296249e+002	-1.830893e-004	-2.549961e-004	-4.380853e-004
6.947616931051016e+000	4.229184e-001	1.290883e+002	-1.831862e-004	-2.547115e-004	-4.378977e-004
6.976913806051016e+000	8.218203e-002	1.285521e+002	-1.829079e-004	-2.539044e-004	-4.368122e-004
7.006210681051016e+000	5.948326e-003	1.280172e+002	-1.822550e-004	-2.525763e-004	-4.348312e-004
7.035507556051016e+000	1.943787e-001	1.274847e+002	-1.812287e-004	-2.507299e-004	-4.319586e-004
7.064804431051016e+000	6.470743e-001	1.269558e+002	-1.798313e-004	-2.483691e-004	-4.282005e-004
7.094101306051016e+000	1.363076e+000	1.264315e+002	-1.780656e-004	-2.454988e-004	-4.235645e-004
7.123398181051016e+000	2.340869e+000	1.259130e+002	-1.759354e-004	-2.421250e-004	-4.180603e-004
7.152695056051016e+000	3.578382e+000	1.254012e+002	-1.734450e-004	-2.382546e-004	-4.116996e-004
7.181991931051016e+000	5.072994e+000	1.248972e+002	-1.705997e-004	-2.338959e-004	-4.044955e-004
7.211288806051016e+000	6.821542e+000	1.244021e+002	-1.674054e-004	-2.290579e-004	-3.964633e-004
7.240585681051016e+000	8.820322e+000	1.239168e+002	-1.638689e-004	-2.237507e-004	-3.876197e-004
7.269882556051016e+000	1.106510e+001	1.234424e+002	-1.599977e-004	-2.179856e-004	-3.779833e-004
7.299179431051016e+000	1.355113e+001	1.229798e+002	-1.557998e-004	-2.117747e-004	-3.675745e-004
7.328476306051016e+000	1.627314e+001	1.225300e+002	-1.512841e-004	-2.051310e-004	-3.564151e-004
7.357773181051016e+000	1.922537e+001	1.220939e+002	-1.464601e-004	-1.980684e-004	-3.445285e-004
7.387070056051016e+000	2.240157e+001	1.216723e+002	-1.413380e-004	-1.906019e-004	-3.319399e-004
7.416366931051016e+000	2.579502e+001	1.212661e+002	-1.359285e-004	-1.827472e-004	-3.186757e-004
7.445663806051016e+000	2.939852e+001	1.208762e+002	-1.302431e-004	-1.745208e-004	-3.047639e-004
7.474960681051016e+000	3.320444e+001	1.205034e+002	-1.242938e-004	-1.659400e-004	-2.902338e-004
7.533554431051016e+000	4.139094e+001	1.198118e+002	-1.116541e-004	-1.477884e-004	-2.594425e-004
7.592148181051016e+000	5.028520e+001	1.191969e+002	-9.811593e-005	-1.284454e-004	-2.265613e-004
7.650741931051016e+000	5.981194e+001	1.186637e+002	-8.379358e-005	-1.080740e-004	-1.918675e-004
7.738632556051016e+000	7.511021e+001	1.180261e+002	-6.110559e-005	-7.596632e-005	-1.370719e-004
7.826523181051016e+000	9.135789e+001	1.175928e+002	-3.735685e-005	-4.254169e-005	-7.989854e-005
7.914413806051016e+000	1.082458e+002	1.173713e+002	-1.299802e-005	-8.433891e-006	-2.143191e-005
7.943710681051016e+000	1.139620e+002	1.173452e+002	-4.822568e-006	2.975525e-006	-1.847043e-006
8.002304431051016e+000	1.254525e+002	1.173648e+002	1.150862e-005	2.571020e-005	3.721882e-005
8.060898181051016e+000	1.369391e+002	1.174798e+002	2.769865e-005	4.817295e-005	7.587161e-005
8.119491931051016e+000	1.483247e+002	1.176888e+002	4.361084e-005	7.017426e-005	1.137851e-004
8.207382556051016e+000	1.650031e+002	1.181742e+002	6.666523e-005	1.019064e-004	1.685716e-004
8.295273181051016e+000	1.809203e+002	1.188564e+002	8.835551e-005	1.315821e-004	2.199376e-004
8.383163806051016e+000	1.957733e+002	1.197218e+002	1.082701e-004	1.586388e-004	2.669089e-004
8.471054431051016e+000	2.092796e+002	1.207530e+002	1.260312e-004	1.825634e-004	3.085946e-004
8.558945056051016e+000	2.211820e+002	1.219295e+002	1.413020e-004	2.029028e-004	3.442048e-004
8.646835681051016e+000	2.312541e+002	1.232282e+002	1.537931e-004	2.192717e-004	3.730648e-004
8.734726306051016e+000	2.393042e+002	1.246236e+002	1.632677e-004	2.313606e-004	3.946284e-004
8.822616931051016e+000	2.451790e+002	1.260882e+002	1.695469e-004	2.389413e-004	4.084883e-004
8.910507556051016e+000	2.487670e+002	1.275936e+002	1.725122e-004	2.418714e-004	4.143836e-004
8.998398181051016e+000	2.499996e+002	1.291103e+002	1.721081e-004	2.400969e-004	4.122050e-004
9.086288806051016e+000	2.488535e+002	1.306086e+002	1.683436e-004	2.336533e-004	4.019969e-004
9.174179431051016e+000	2.453505e+002	1.320592e+002	1.612913e-004	2.226651e-004	3.839564e-004
9.262070056051016e+000	2.395573e+002	1.334340e+002	1.510864e-004	2.073429e-004	3.584294e-004
9.349960681051016e+000	2.315841e+002	1.347059e+002	1.379243e-004	1.879801e-004	3.259044e-004
9.437851306051016e+000	2.215825e+002	1.358501e+002	1.220563e-004	1.649469e-004	2.870031e-004
9.525741931051016e+000	2.097431e+002	1.368440e+002	1.037854e-004	1.386830e-004	2.424685e-004
9.613632556051016e+000	1.962909e+002	1.376681e+002	8.346044e-005	1.096900e-004	1.931505e-004
9.701523181051016e+000	1.814822e+002	1.383059e+002	6.146906e-005	7.852112e-005	1.399902e-004
9.789413806051016e+000	1.655986e+002	1.387447e+002	3.823075e-005	4.577103e-005	8.400178e-005
9.848007556051016e+000	1.545609e+002	1.389221e+002	2.226394e-005	2.336682e-005	4.563076e-005
9.906601306051016e+000	1.432731e+002	1.390051e+002	6.075036e-006	7.272394e-007	6.802275e-006
9.994491931051016e+000	1.260815e+002	1.389513e+002	-1.832412e-005	-3.325312e-005	-5.157725e-005
1.008238255605102e+001	1.088693e+002	1.386839e+002	-4.244860e-005	-6.668271e-005	-1.091313e-004
1.017027318105102e+001	9.196413e+001	1.382074e+002	-6.583839e-005	-9.892393e-005	-1.647623e-004
1.025816380605102e+001	7.568761e+001	1.375302e+002	-8.804748e-005	-1.293618e-004	-2.174093e-004
1.034605443105102e+001	6.034948e+001	1.366646e+002	-1.086524e-004	-1.574158e-004	-2.660682e-004
1.040464818105102e+001	5.079044e+001	1.359906e+002	-1.213021e-004	-1.745276e-004	-2.958298e-004
1.046324193105102e+001	4.185961e+001	1.352453e+002	-1.329561e-004	-1.901956e-004	-3.231518e-004
1.052183568105102e+001	3.363256e+001	1.344349e+002	-1.435154e-004	-2.042868e-004	-3.478022e-004
1.055113255605102e+001	2.980498e+001	1.340074e+002	-1.483562e-004	-2.107032e-004	-3.590593e-004
1.058042943105102e+001	2.617897e+001	1.335661e+002	-1.528904e-004	-2.166815e-004	-3.695719e-004
1.060972630605102e+001	2.276220e+001	1.331120e+002	-1.571085e-004	-2.222092e-004	-3.793177e-004
1.063902318105102e+001	1.956190e+001	1.326460e+002	-1.610014e-004	-2.272744e-004	-3.882759e-004
1.066832005605102e+001	1.658487e+001	1.321691e+002	-1.645610e-004	-2.318665e-004	-3.964275e-004
1.069761693105102e+001	1.383739e+001	1.316823e+002	-1.677796e-004	-2.359755e-004	-4.037551e-004
1.072691380605102e+001	1.132529e+001	1.311866e+002	-1.706504e-004	-2.395929e-004	-4.102432e-004
1.075621068105102e+001	9.053892e+000	1.306829e+002	-1.731672e-004	-2.427108e-004	-4.158780e-004
1.078550755605102e+001	7.027997e+000	1.301724e+002	-1.753248e-004	-2.453226e-004	-4.206474e-004
1.081480443105102e+001	5.251896e+000	1.296562e+002	-1.771185e-004	-2.474228e-004	-4.245413e-004
1.084410130605102e+001	3.729351e+000	1.291352e+002	-1.785445e-004	-2.490068e-004	-4.275513e-004
1.087339818105102e+001	2.463587e+000	1.286105e+002	-1.795998e-004	-2.500713e-004	-4.296711e-004
1.090269505605102e+001	1.457283e+000	1.280834e+002	-1.802821e-004	-2.506139e-004	-4.308959e-004
1.093199193105102e+001	7.125701e-001	1.275547e+002	-1.805898e-004	-2.506335e-004	-4.312232e-004
1.096128880605102e+001	2.310251e-001	1.270258e+002	-1.805224e-004	-2.501299e-004	-4.306523e-004
1.099058568105102e+001	1.366752e-002	1.264975e+002	-1.800799e-004	-2.491043e-004	-4.291842e-004
1.101988255605102e+001	6.095774e-002	1.259712e+002	-1.792632e-004	-2.475587e-004	-4.268219e-004
1.104917943105102e+001	3.727956e-001	1.254477e+002	-1.780741e-004	-2.454963e-004	-4.235704e-004
1.107847630605102e+001	9.485208e-001	1.249283e+002	-1.765151e-004	-2.429215e-004	-4.194366e-004
1.110777318105102e+001	1.786914e+000	1.244140e+002	-1.745893e-004	-2.398397e-004	-4.144290e-004
1.113707005605102e+001	2.886201e+000	1.239059e+002	-1.723008e-004	-2.362574e-004	-4.085583e-004
1.116636693105102e+001	4.244053e+000	1.234049e+002	-1.696546e-004	-2.321821e-004	-4.018367e-004
1.119566380605102e+001	5.857595e+000	1.229123e+002	-1.666561e-004	-2.276224e-004	-3.942784e-004
1.122496068105102e+001	7.723411e+000	1.224289e+002	-1.633116e-004	-2.225879e-004	-3.858995e-004
1.125425755605102e+001	9.837550e+000	1.219559e+002	-1.596283e-004	-2.170892e-004	-3.767175e-004
1.128355443105102e+001	1.219554e+001	1.214941e+002	-1.556138e-004	-2.111380e-004	-3.667518e-004
1.131285130605102e+001	1.479238e+001	1.210446e+002	-1.512767e-004	-2.047467e-004	-3.560234e-004
1.134214818105102e+001	1.762257e+001	1.206082e+002	-1.466262e-004	-1.979289e-004	-3.445551e-004
1.137144505605102e+001	2.068013e+001	1.201859e+002	-1.416719e-004	-1.906990e-004	-3.323709e-004
1.140074193105102e+001	2.395857e+001	1.197785e+002	-1.364244e-004	-1.830723e-004	-3.194967e-004
1.143003880605102e+001	2.745096e+001	1.193869e+002	-1.308949e-004	-1.750648e-004	-3.059597e-004
1.145933568105102e+001	3.114991e+001	1.190119e+002	-1.250948e-004	-1.666935e-004	-2.917883e-004
1.148863255605102e+001	3.504757e+001	1.186543e+002	-1.190366e-004	-1.579760e-004	-2.770126e-004
1.154722630605102e+001	4.340564e+001	1.179941e+002	-1.061973e-004	-1.395770e-004	-2.457743e-004
1.160582005605102e+001	5.245442e+001	1.174117e+002	-9.248540e-005	-1.200232e-004	-2.125086e-004
1.169371068105102e+001	6.715366e+001	1.166944e+002	-7.053668e-005	-8.889111e-005	-1.594278e-004
1.178160130605102e+001	8.295372e+001	1.161758e+002	-4.730377e-005	-5.612585e-005	-1.034296e-004
1.186949193105102e+001	9.955391e+001	1.158655e+002	-2.322807e-005	-2.234996e-005	-4.557803e-005
1.195738255605102e+001	1.166383e+002	1.157687e+002	1.232972e-006	1.179482e-005	1.302779e-005
1.201597630605102e+001	1.281366e+002	1.158237e+002	1.752493e-005	3.444247e-005	5.196740e-005
1.207457005605102e+001	1.396083e+002	1.159737e+002	3.364385e-005	5.677418e-005	9.041802e-005
1.216246068105102e+001	1.565540e+002	1.163735e+002	5.720042e-005	8.926756e-005	1.464680e-004
1.225035130605102e+001	1.728992e+002	1.169756e+002	7.961412e-005	1.200090e-004	1.996231e-004
1.233824193105102e+001	1.883328e+002	1.177681e+002	1.004591e-004	1.484143e-004	2.488734e-004
1.242613255605102e+001	2.025613e+002	1.187354e+002	1.193393e-004	1.739440e-004	2.932833e-004
1.251402318105102e+001	2.153137e+002	1.198587e+002	1.358962e-004	1.961130e-004	3.320092e-004
1.260191380605102e+001	2.263475e+002	1.211161e+002	1.498153e-004	2.145004e-004	3.643157e-004
1.268980443105102e+001	2.354527e+002	1.224832e+002	1.608324e-004	2.287571e-004	3.895895e-004
1.277769505605102e+001	2.424560e+002	1.239336e+002	1.687384e-004	2.386127e-004	4.073511e-004
1.286558568105102e+001	2.472242e+002	1.254392e+002	1.733836e-004	2.438805e-004	4.172641e-004
1.295347630605102e+001	2.496664e+002	1.269710e+002	1.746801e-004	2.444610e-004	4.191411e-004
1.304136693105102e+001	2.497362e+002	1.284993e+002	1.726039e-004	2.403440e-004	4.129479e-004
1.312925755605102e+001	2.474323e+002	1.299947e+002	1.671952e-004	2.316086e-004	3.988037e-004
1.321714818105102e+001	2.427986e+002	1.314283e+002	1.585573e-004	2.184218e-004	3.769792e-004
1.330503880605102e+001	2.359232e+002	1.327724e+002	1.468554e-004	2.010354e-004	3.478908e-004
1.339292943105102e+001	2.269369e+002	1.340009e+002	1.323127e-004	1.797809e-004	3.120936e-004
1.348082005605102e+001	2.160108e+002	1.350903e+002	1.152065e-004	1.550635e-004	2.702700e-004
1.356871068105102e+001	2.033527e+002	1.360191e+002	9.586279e-005	1.273544e-004	2.232172e-004
1.365660130605102e+001	1.892037e+002	1.367696e+002	7.465039e-005	9.718161e-005	1.718320e-004
1.374449193105102e+001	1.738328e+002	1.373268e+002	5.197346e-005	6.511990e-005	1.170934e-004
1.383238255605102e+001	1.575327e+002	1.376800e+002	2.826410e-005	3.178015e-005	6.004425e-005
1.389097630605102e+001	1.463023e+002	1.377983e+002	1.210681e-005	9.156623e-006	2.126343e-005
1.392027318105102e+001	1.406134e+002	1.378219e+002	3.974028e-006	-2.202529e-006	1.771498e-006
1.400816380605102e+001	1.233971e+002	1.377495e+002	-2.043399e-005	-3.618078e-005	-5.661477e-005
1.409605443105102e+001	1.062112e+002	1.374637e+002	-4.449494e-005	-6.950737e-005	-1.140023e-004
1.418394505605102e+001	8.938293e+001	1.369698e+002	-6.775043e-005	-1.015474e-004	-1.692979e-004
1.427183568105102e+001	7.323241e+001	1.362767e+002	-8.975739e-005	-1.316906e-004	-2.214480e-004
1.435972630605102e+001	5.806703e+001	1.353972e+002	-1.100965e-004	-1.593628e-004	-2.694593e-004
1.441832005605102e+001	4.864752e+001	1.347153e+002	-1.225365e-004	-1.761754e-004	-2.987119e-004
1.447691380605102e+001	3.987435e+001	1.339635e+002	-1.339567e-004	-1.915118e-004	-3.254685e-004
1.450621068105102e+001	3.575358e+001	1.335633e+002	-1.392538e-004	-1.985853e-004	-3.378390e-004
1.453550755605102e+001	3.182178e+001	1.331479e+002	-1.442603e-004	-2.052419e-004	-3.495023e-004
1.456480443105102e+001	2.808728e+001	1.327184e+002	-1.489657e-004	-2.114677e-004	-3.604334e-004
1.459410130605102e+001	2.455798e+001	1.322756e+002	-1.533600e-004	-2.172494e-004	-3.706094e-004
1.462339818105102e+001	2.124136e+001	1.318203e+002	-1.574338e-004	-2.225748e-004	-3.800085e-004
1.465269505605102e+001	1.814444e+001	1.313536e+002	-1.611785e-004	-2.274324e-004	-3.886110e-004
1.468199193105102e+001	1.527378e+001	1.308764e+002	-1.645862e-004	-2.318122e-004	-3.963984e-004
1.471128880605102e+001	1.263545e+001	1.303897e+002	-1.676496e-004	-2.357046e-004	-4.033542e-004
1.474058568105102e+001	1.023505e+001	1.298946e+002	-1.703623e-004	-2.391015e-004	-4.094638e-004
1.476988255605102e+001	8.077649e+000	1.293920e+002	-1.727184e-004	-2.419957e-004	-4.147141e-004
1.479917943105102e+001	6.167822e+000	1.288831e+002	-1.747129e-004	-2.443811e-004	-4.190940e-004
1.482847630605102e+001	4.509613e+000	1.283689e+002	-1.763417e-004	-2.462524e-004	-4.225941e-004
1.485777318105102e+001	3.106531e+000	1.278504e+002	-1.776012e-004	-2.476058e-004	-4.252071e-004
1.488707005605102e+001	1.961548e+000	1.273288e+002	-1.784888e-004	-2.484384e-004	-4.269273e-004
1.491636693105102e+001	1.077088e+000	1.268051e+002	-1.790026e-004	-2.487484e-004	-4.277510e-004
1.494566380605102e+001	4.550242e-001	1.262805e+002	-1.791414e-004	-2.485351e-004	-4.276765e-004
1.497496068105102e+001	9.667380e-002	1.257560e+002	-1.789050e-004	-2.477990e-004	-4.267040e-004
1.500425755605102e+001	2.795368e-003	1.252327e+002	-1.782938e-004	-2.465415e-004	-4.248353e-004
1.503355443105102e+001	1.735877e-001	1.247118e+002	-1.773091e-004	-2.447654e-004	-4.220745e-004
1.506285130605102e+001	6.086892e-001	1.241944e+002	-1.759530e-004	-2.424744e-004	-4.184273e-004
1.509214818105102e+001	1.307179e+000	1.236814e+002	-1.742283e-004	-2.396732e-004	-4.139015e-004
1.512144505605102e+001	2.267577e+000	1.231740e+002	-1.721387e-004	-2.363679e-004	-4.085066e-004
1.515074193105102e+001	3.487850e+000	1.226733e+002	-1.696886e-004	-2.325653e-004	-4.022540e-004
1.518003880605102e+001	4.965415e+000	1.221803e+002	-1.668832e-004	-2.282736e-004	-3.951568e-004
1.520933568105102e+001	6.697143e+000	1.216960e+002	-1.637283e-004	-2.235018e-004	-3.872301e-004
1.523863255605102e+001	8.679367e+000	1.212214e+002	-1.602306e-004	-2.182600e-004	-3.784906e-004
1.526792943105102e+001	1.090789e+001	1.207576e+002	-1.563976e-004	-2.125592e-004	-3.689568e-004
1.529722630605102e+001	1.337799e+001	1.203055e+002	-1.522373e-004	-2.064115e-004	-3.586488e-004
1.532652318105102e+001	1.608445e+001	1.198661e+002	-1.477585e-004	-1.998300e-004	-3.475885e-004
1.535582005605102e+001	1.902152e+001	1.194402e+002	-1.429707e-004	-1.928284e-004	-3.357992e-004
1.538511693105102e+001	2.218299e+001	1.190288e+002	-1.378840e-004	-1.854218e-004	-3.233058e-004
1.541441380605102e+001	2.556217e+001	1.186327e+002	-1.325092e-004	-1.776256e-004	-3.101348e-004
1.544371068105102e+001	2.915190e+001	1.182528e+002	-1.268576e-004	-1.694564e-004	-2.963140e-004
1.547300755605102e+001	3.294458e+001	1.178898e+002	-1.209412e-004	-1.609314e-004	-2.818727e-004
1.550230443105102e+001	3.693218e+001	1.175445e+002	-1.147725e-004	-1.520688e-004	-2.668413e-004
1.556089818105102e+001	4.545797e+001	1.169099e+002	-1.017309e-004	-1.334061e-004	-2.351370e-004
1.561949193105102e+001	5.465709e+001	1.163542e+002	-8.784292e-005	-1.136262e-004	-2.014691e-004
1.570738255605102e+001	6.954654e+001	1.156786e+002	-6.568288e-005	-8.222954e-005	-1.479124e-004
1.579527318105102e+001	8.549126e+001	1.152034e+002	-4.230571e-005	-4.929435e-005	-9.160006e-005
1.588316380605102e+001	1.021878e+002	1.149373e+002	-1.815587e-005	-1.544689e-005	-3.360276e-005
1.594175755605102e+001	1.135801e+002	1.148787e+002	-1.853111e-006	7.307386e-006	5.454275e-006
1.600035130605102e+001	1.250690e+002	1.149156e+002	1.445122e-005	2.998866e-005	4.443988e-005
1.608824193105102e+001	1.422708e+002	1.151492e+002	3.860929e-005	6.345454e-005	1.020638e-004
1.617613255605102e+001	1.591440e+002	1.155919e+002	6.200155e-005	9.568855e-005	1.576901e-004
1.626402318105102e+001	1.753675e+002	1.162353e+002	8.418325e-005	1.260777e-004	2.102610e-004
1.635191380605102e+001	1.906324e+002	1.170667e+002	1.047327e-004	1.540441e-004	2.587768e-004
1.643980443105102e+001	2.046484e+002	1.180700e+002	1.232591e-004	1.790560e-004	3.023151e-004
1.652769505605102e+001	2.171487e+002	1.192260e+002	1.394104e-004	2.006379e-004	3.400483e-004
1.661558568105102e+001	2.278954e+002	1.205123e+002	1.528795e-004	2.183793e-004	3.712588e-004
1.670347630605102e+001	2.366840e+002	1.219042e+002	1.634106e-004	2.319431e-004	3.953537e-004
1.679136693105102e+001	2.433473e+002	1.233750e+002	1.708035e-004	2.410715e-004	4.118750e-004
1.687925755605102e+001	2.477585e+002	1.248965e+002	1.749179e-004	2.455912e-004	4.205091e-004
1.696714818105102e+001	2.498336e+002	1.264394e+002	1.756759e-004	2.454166e-004	4.210926e-004
1.705503880605102e+001	2.495331e+002	1.279741e+002	1.730635e-004	2.405513e-004	4.136148e-004
1.714292943105102e+001	2.468628e+002	1.294712e+002	1.671306e-004	2.310883e-004	3.982189e-004
1.723082005605102e+001	2.418735e+002	1.309020e+002	1.579904e-004	2.172081e-004	3.751985e-004
1.731871068105102e+001	2.346601e+002	1.322390e+002	1.458174e-004	1.991750e-004	3.449923e-004
1.740660130605102e+001	2.253598e+002	1.334566e+002	1.308434e-004	1.773326e-004	3.081759e-004
1.749449193105102e+001	2.141498e+002	1.345312e+002	1.133537e-004	1.520968e-004	2.654505e-004
1.758238255605102e+001	2.012432e+002	1.354424e+002	9.368146e-005	1.239484e-004	2.176298e-004
1.767027318105102e+001	1.868857e+002	1.361724e+002	7.220139e-005	9.342308e-005	1.656245e-004
1.775816380605102e+001	1.713506e+002	1.367072e+002	4.932254e-005	6.110224e-005	1.104248e-004
1.784605443105102e+001	1.549334e+002	1.370364e+002	2.548060e-005	2.760119e-005	5.308179e-005
1.790464818105102e+001	1.436524e+002	1.371383e+002	9.274628e-006	4.925895e-006	1.420052e-005
1.796324193105102e+001	1.322134e+002	1.371449e+002	-7.020522e-006	-1.779863e-005	-2.481915e-005
1.805113255605102e+001	1.149709e+002	1.369761e+002	-3.132860e-005	-5.155703e-005	-8.288563e-005
1.813902318105102e+001	9.791930e+001	1.365960e+002	-5.506400e-005	-8.435077e-005	-1.394148e-004
1.822691380605102e+001	8.138302e+001	1.360114e+002	-7.777473e-005	-1.155555e-004	-1.933302e-004
1.831480443105102e+001	6.567675e+001	1.352333e+002	-9.902832e-005	-1.445771e-004	-2.436054e-004
1.837339818105102e+001	5.581545e+001	1.346142e+002	-1.121866e-004	-1.624371e-004	-2.746237e-004
1.843199193105102e+001	4.653981e+001	1.339207e+002	-1.244052e-004	-1.789289e-004	-3.033341e-004
1.849058568105102e+001	3.792835e+001	1.331586e+002	-1.355806e-004	-1.939128e-004	-3.294934e-004
1.851988255605102e+001	3.389471e+001	1.327539e+002	-1.407471e-004	-2.007991e-004	-3.415463e-004
1.854917943105102e+001	3.005397e+001	1.323344e+002	-1.456181e-004	-2.072619e-004	-3.528800e-004
1.857847630605102e+001	2.641427e+001	1.319011e+002	-1.501832e-004	-2.132875e-004	-3.634707e-004
1.860777318105102e+001	2.298332e+001	1.314549e+002	-1.544327e-004	-2.188632e-004	-3.732958e-004
1.863707005605102e+001	1.976838e+001	1.309967e+002	-1.583576e-004	-2.239770e-004	-3.823346e-004
1.866636693105102e+001	1.677626e+001	1.305275e+002	-1.619495e-004	-2.286183e-004	-3.905678e-004
1.869566380605102e+001	1.401330e+001	1.300482e+002	-1.652010e-004	-2.327770e-004	-3.979781e-004
1.872496068105102e+001	1.148534e+001	1.295600e+002	-1.681051e-004	-2.364445e-004	-4.045496e-004
1.875425755605102e+001	9.197732e+000	1.290638e+002	-1.706555e-004	-2.396130e-004	-4.102685e-004
1.878355443105102e+001	7.155329e+000	1.285606e+002	-1.728471e-004	-2.422757e-004	-4.151227e-004
1.881285130605102e+001	5.362453e+000	1.280515e+002	-1.746749e-004	-2.444269e-004	-4.191019e-004
1.884214818105102e+001	3.822898e+000	1.275377e+002	-1.761353e-004	-2.460622e-004	-4.221975e-004
1.887144505605102e+001	2.539926e+000	1.270200e+002	-1.772250e-004	-2.471780e-004	-4.244030e-004
1.890074193105102e+001	1.516252e+000	1.264998e+002	-1.779418e-004	-2.477720e-004	-4.257138e-004
1.893003880605102e+001	7.540447e-001	1.259780e+002	-1.782842e-004	-2.478430e-004	-4.261271e-004
1.895933568105102e+001	2.549172e-001	1.254557e+002	-1.782513e-004	-2.473906e-004	-4.256419e-004
1.898863255605102e+001	1.992663e-002	1.249341e+002	-1.778433e-004	-2.464160e-004	-4.242593e-004
1.901792943105102e+001	4.957059e-002	1.244142e+002	-1.770611e-004	-2.449211e-004	-4.219821e-004
1.904722630605102e+001	3.437863e-001	1.238971e+002	-1.759062e-004	-2.429091e-004	-4.188153e-004
1.907652318105102e+001	9.019508e-001	1.233840e+002	-1.743811e-004	-2.403843e-004	-4.147654e-004
1.910582005605102e+001	1.722882e+000	1.228759e+002	-1.724890e-004	-2.373520e-004	-4.098410e-004
1.913511693105102e+001	2.804842e+000	1.223739e+002	-1.702339e-004	-2.338186e-004	-4.040525e-004
1.916441380605102e+001	4.145540e+000	1.218790e+002	-1.676206e-004	-2.297916e-004	-3.974122e-004
1.919371068105102e+001	5.742136e+000	1.213922e+002	-1.646547e-004	-2.252795e-004	-3.899341e-004
1.922300755605102e+001	7.591251e+000	1.209147e+002	-1.613423e-004	-2.202918e-004	-3.816341e-004
1.925230443105102e+001	9.688969e+000	1.204474e+002	-1.576905e-004	-2.148392e-004	-3.725296e-004
1.928160130605102e+001	1.203085e+001	1.199912e+002	-1.537070e-004	-2.089330e-004	-3.626400e-004
1.931089818105102e+001	1.461193e+001	1.195472e+002	-1.494002e-004	-2.025859e-004	-3.519861e-004
1.934019505605102e+001	1.742675e+001	1.191163e+002	-1.447793e-004	-1.958113e-004	-3.405906e-004
1.936949193105102e+001	2.046934e+001	1.186994e+002	-1.398540e-004	-1.886235e-004	-3.284774e-004
1.939878880605102e+001	2.373327e+001	1.182973e+002	-1.346347e-004	-1.810377e-004	-3.156724e-004
1.942808568105102e+001	2.721163e+001	1.179109e+002	-1.291325e-004	-1.730699e-004	-3.022024e-004
1.945738255605102e+001	3.089704e+001	1.175410e+002	-1.233590e-004	-1.647371e-004	-2.880961e-004
1.948667943105102e+001	3.478171e+001	1.171885e+002	-1.173265e-004	-1.560569e-004	-2.733834e-004
1.954527318105102e+001	4.311550e+001	1.165381e+002	-1.045358e-004	-1.377283e-004	-2.422641e-004
1.960386693105102e+001	5.214246e+001	1.159654e+002	-9.086866e-005	-1.182392e-004	-2.091079e-004
1.969175755605102e+001	6.681398e+001	1.152619e+002	-6.897928e-005	-8.719288e-005	-1.561722e-004
1.977964818105102e+001	8.259277e+001	1.147568e+002	-4.579582e-005	-5.449912e-005	-1.002949e-004
1.986753880605102e+001	9.917857e+001	1.144596e+002	-2.175924e-005	-2.077992e-005	-4.253916e-005
1.992613255605102e+001	1.105287e+002	1.143797e+002	-5.486254e-006	1.952909e-006	-3.533346e-006
1.998472630605102e+001	1.220013e+002	1.143954e+002	1.082517e-005	2.466417e-005	3.548934e-005
2.007261693105102e+001	1.392274e+002	1.145973e+002	3.506269e-005	5.827063e-005	9.333333e-005
2.016050755605102e+001	1.561828e+002	1.150096e+002	5.861536e-005	9.075722e-005	1.493726e-004
2.024839818105102e+001	1.725447e+002	1.156242e+002	8.103521e-005	1.215059e-004	2.025411e-004
2.033628880605102e+001	1.880019e+002	1.164292e+002	1.018958e-004	1.499317e-004	2.518275e-004
2.042417943105102e+001	2.022601e+002	1.174092e+002	1.208004e-004	1.754940e-004	2.962943e-004
2.051207005605102e+001	2.150482e+002	1.185455e+002	1.373893e-004	1.977063e-004	3.350957e-004
2.059996068105102e+001	2.261226e+002	1.198161e+002	1.513473e-004	2.161463e-004	3.674936e-004
2.068785130605102e+001	2.352727e+002	1.211969e+002	1.624088e-004	2.304631e-004	3.928719e-004
2.077574193105102e+001	2.423243e+002	1.226614e+002	1.703636e-004	2.403845e-004	4.107481e-004
2.086363255605102e+001	2.471432e+002	1.241815e+002	1.750604e-004	2.457219e-004	4.207824e-004
2.095152318105102e+001	2.496378e+002	1.257282e+002	1.764102e-004	2.463738e-004	4.227840e-004
2.103941380605102e+001	2.497605e+002	1.272720e+002	1.743874e-004	2.423281e-004	4.167155e-004
2.112730443105102e+001	2.475091e+002	1.287833e+002	1.690306e-004	2.336618e-004	4.026924e-004
2.121519505605102e+001	2.429263e+002	1.302333e+002	1.604421e-004	2.205401e-004	3.809822e-004
2.130308568105102e+001	2.360994e+002	1.315941e+002	1.487854e-004	2.032128e-004	3.519982e-004
2.139097630605102e+001	2.271584e+002	1.328398e+002	1.342826e-004	1.820097e-004	3.162923e-004
2.147886693105102e+001	2.162732e+002	1.339466e+002	1.172098e-004	1.573346e-004	2.745444e-004
2.156675755605102e+001	2.036512e+002	1.348932e+002	9.789215e-005	1.296571e-004	2.275493e-004
2.165464818105102e+001	1.895324e+002	1.356616e+002	7.669737e-005	9.950415e-005	1.762015e-004
2.174253880605102e+001	1.741856e+002	1.362369e+002	5.402900e-005	6.744958e-005	1.214786e-004
2.183042943105102e+001	1.579028e+002	1.366081e+002	3.031859e-005	3.410358e-005	6.442217e-005
2.188902318105102e+001	1.466801e+002	1.367384e+002	1.415508e-005	1.146823e-005	2.562331e-005
2.194761693105102e+001	1.352738e+002	1.367737e+002	-2.134302e-006	-1.126760e-005	-1.340191e-005
2.203550755605102e+001	1.180317e+002	1.366476e+002	-2.650263e-005	-4.513884e-005	-7.164147e-005
2.212339818105102e+001	1.009223e+002	1.363093e+002	-5.037993e-005	-7.815853e-005	-1.285385e-004
2.221128880605102e+001	8.427100e+001	1.357650e+002	-7.331165e-005	-1.096982e-004	-1.830098e-004
2.229917943105102e+001	6.839479e+001	1.350249e+002	-9.486125e-005	-1.391575e-004	-2.340187e-004
2.238707005605102e+001	5.359578e+001	1.341030e+002	-1.146185e-004	-1.659757e-004	-2.805942e-004
2.244566380605102e+001	4.446829e+001	1.333960e+002	-1.266068e-004	-1.821328e-004	-3.087396e-004
2.250425755605102e+001	3.602251e+001	1.326217e+002	-1.375290e-004	-1.967511e-004	-3.342801e-004
2.253355443105102e+001	3.207785e+001	1.322114e+002	-1.425610e-004	-2.034441e-004	-3.460051e-004
2.256285130605102e+001	2.832995e+001	1.317868e+002	-1.472925e-004	-2.097070e-004	-3.569995e-004
2.259214818105102e+001	2.478673e+001	1.313488e+002	-1.517135e-004	-2.155266e-004	-3.672401e-004
2.262144505605102e+001	2.145571e+001	1.308984e+002	-1.558147e-004	-2.208906e-004	-3.767053e-004
2.265074193105102e+001	1.834394e+001	1.304364e+002	-1.595873e-004	-2.257876e-004	-3.853748e-004
2.268003880605102e+001	1.545799e+001	1.299638e+002	-1.630233e-004	-2.302073e-004	-3.932305e-004
2.270933568105102e+001	1.280400e+001	1.294816e+002	-1.661155e-004	-2.341402e-004	-4.002557e-004
2.273863255605102e+001	1.038757e+001	1.289910e+002	-1.688573e-004	-2.375781e-004	-4.064353e-004
2.276792943105102e+001	8.213821e+000	1.284928e+002	-1.712429e-004	-2.405136e-004	-4.117565e-004
2.279722630605102e+001	6.287358e+000	1.279881e+002	-1.732672e-004	-2.429407e-004	-4.162079e-004
2.282652318105102e+001	4.612258e+000	1.274781e+002	-1.749260e-004	-2.448540e-004	-4.197800e-004
2.285582005605102e+001	3.192070e+000	1.269637e+002	-1.762157e-004	-2.462495e-004	-4.224653e-004
2.288511693105102e+001	2.029799e+000	1.264461e+002	-1.771336e-004	-2.471244e-004	-4.242581e-004
2.291441380605102e+001	1.127906e+000	1.259263e+002	-1.776778e-004	-2.474767e-004	-4.251545e-004
2.294371068105102e+001	4.883023e-001	1.254056e+002	-1.778470e-004	-2.473057e-004	-4.251527e-004
2.297300755605102e+001	1.123412e-001	1.248848e+002	-1.776410e-004	-2.466117e-004	-4.242527e-004
2.300230443105102e+001	8.189299e-004	1.243652e+002	-1.770602e-004	-2.453962e-004	-4.224564e-004
2.303160130605102e+001	1.539716e-001	1.238479e+002	-1.761057e-004	-2.436618e-004	-4.197675e-004
2.306089818105102e+001	5.714750e-001	1.233339e+002	-1.747796e-004	-2.414122e-004	-4.161918e-004
2.309019505605102e+001	1.252445e+000	1.228243e+002	-1.730847e-004	-2.386520e-004	-4.117367e-004
2.311949193105102e+001	2.195440e+000	1.223203e+002	-1.710246e-004	-2.353872e-004	-4.064118e-004
2.314878880605102e+001	3.398463e+000	1.218228e+002	-1.686036e-004	-2.316247e-004	-4.002283e-004
2.317808568105102e+001	4.858966e+000	1.213329e+002	-1.658269e-004	-2.273724e-004	-3.931993e-004
2.320738255605102e+001	6.573858e+000	1.208517e+002	-1.627004e-004	-2.226392e-004	-3.853396e-004
2.323667943105102e+001	8.539507e+000	1.203801e+002	-1.592305e-004	-2.174354e-004	-3.766659e-004
2.326597630605102e+001	1.075175e+001	1.199192e+002	-1.554248e-004	-2.117717e-004	-3.671966e-004
2.329527318105102e+001	1.320591e+001	1.194699e+002	-1.512912e-004	-2.056604e-004	-3.569516e-004
2.332457005605102e+001	1.589678e+001	1.190331e+002	-1.468385e-004	-1.991141e-004	-3.459527e-004
2.335386693105102e+001	1.881866e+001	1.186099e+002	-1.420762e-004	-1.921470e-004	-3.342232e-004
2.338316380605102e+001	2.196538e+001	1.182011e+002	-1.370142e-004	-1.847736e-004	-3.217878e-004
2.341246068105102e+001	2.533026e+001	1.178075e+002	-1.316633e-004	-1.770096e-004	-3.086729e-004
2.344175755605102e+001	2.890618e+001	1.174300e+002	-1.260349e-004	-1.688714e-004	-2.949062e-004
2.347105443105102e+001	3.268558e+001	1.170694e+002	-1.201407e-004	-1.603763e-004	-2.805170e-004
2.350035130605102e+001	3.666044e+001	1.167265e+002	-1.139935e-004	-1.515422e-004	-2.655357e-004
2.355894505605102e+001	4.516251e+001	1.160963e+002	-1.009919e-004	-1.329326e-004	-2.339245e-004
2.361753880605102e+001	5.434041e+001	1.155448e+002	-8.714019e-005	-1.132002e-004	-2.003404e-004
2.370542943105102e+001	6.920311e+001	1.148752e+002	-6.502675e-005	-8.186382e-005	-1.468906e-004
2.379332005605102e+001	8.512762e+001	1.144056e+002	-4.168634e-005	-4.897491e-005	-9.066125e-005
2.388121068105102e+001	1.018109e+002	1.141449e+002	-1.756301e-005	-1.515925e-005	-3.272226e-005
2.393980443105102e+001	1.131982e+002	1.140896e+002	-1.272121e-006	7.582003e-006	6.309882e-006
2.399839818105102e+001	1.246855e+002	1.141300e+002	1.502503e-005	3.025681e-005	4.528183e-005
2.408628880605102e+001	1.418909e+002	1.143685e+002	3.918105e-005	6.372515e-005	1.029062e-004
2.417417943105102e+001	1.587750e+002	1.148164e+002	6.258152e-005	9.597588e-005	1.585574e-004
2.426207005605102e+001	1.750163e+002	1.154649e+002	8.478126e-005	1.263953e-004	2.111766e-004
2.434996068105102e+001	1.903057e+002	1.163016e+002	1.053579e-004	1.544048e-004	2.597627e-004
2.443785130605102e+001	2.043525e+002	1.173106e+002	1.239201e-004	1.794712e-004	3.033913e-004
2.452574193105102e+001	2.168891e+002	1.184726e+002	1.401147e-004	2.011177e-004	3.412323e-004
2.461363255605102e+001	2.276772e+002	1.197653e+002	1.536335e-004	2.189324e-004	3.725659e-004
2.470152318105102e+001	2.365113e+002	1.211641e+002	1.642195e-004	2.325765e-004	3.967959e-004
2.478941380605102e+001	2.432233e+002	1.226423e+002	1.716713e-004	2.417902e-004	4.134616e-004
2.487730443105102e+001	2.476856e+002	1.241716e+002	1.758473e-004	2.463985e-004	4.222458e-004
2.496519505605102e+001	2.498132e+002	1.257230e+002	1.766681e-004	2.463136e-004	4.229817e-004
2.505308568105102e+001	2.495657e+002	1.272667e+002	1.741181e-004	2.415373e-004	4.156553e-004
2.514097630605102e+001	2.469476e+002	1.287733e+002	1.682460e-004	2.321604e-004	4.004064e-004
2.522886693105102e+001	2.420090e+002	1.302142e+002	1.591637e-004	2.183616e-004	3.775253e-004
2.531675755605102e+001	2.348436e+002	1.315618e+002	1.470440e-004	2.004035e-004	3.474475e-004
2.540464818105102e+001	2.255880e+002	1.327903e+002	1.321179e-004	1.786278e-004	3.107457e-004
2.549253880605102e+001	2.144182e+002	1.338763e+002	1.146693e-004	1.534491e-004	2.681183e-004
2.558042943105102e+001	2.015467e+002	1.347992e+002	9.503039e-005	1.253465e-004	2.203769e-004
2.566832005605102e+001	1.872186e+002	1.355412e+002	7.357508e-005	9.485499e-005	1.684301e-004
2.575621068105102e+001	1.717065e+002	1.360881e+002	5.071171e-005	6.255476e-005	1.132665e-004
2.584410130605102e+001	1.553056e+002	1.364296e+002	2.687548e-005	2.906057e-005	5.593606e-005
2.590269505605102e+001	1.440315e+002	1.365396e+002	1.066773e-005	6.382028e-006	1.704975e-005
2.596128880605102e+001	1.325962e+002	1.365544e+002	-5.633748e-006	-1.635207e-005	-2.198582e-005
2.604917943105102e+001	1.153532e+002	1.363978e+002	-2.995982e-005	-5.013664e-005	-8.009646e-005
2.613707005605102e+001	9.829382e+001	1.360295e+002	-5.372327e-005	-8.297047e-005	-1.366937e-004
2.622496068105102e+001	8.174261e+001	1.354565e+002	-7.647180e-005	-1.142287e-004	-1.907005e-004
2.631285130605102e+001	6.601458e+001	1.346897e+002	-9.777241e-005	-1.433163e-004	-2.410887e-004
2.637144505605102e+001	5.613518e+001	1.340779e+002	-1.109668e-004	-1.612269e-004	-2.721937e-004
2.643003880605102e+001	4.683872e+001	1.333914e+002	-1.232251e-004	-1.777740e-004	-3.009991e-004
2.648863255605102e+001	3.820391e+001	1.326361e+002	-1.344434e-004	-1.928176e-004	-3.272610e-004
2.651792943105102e+001	3.415771e+001	1.322346e+002	-1.396325e-004	-1.997353e-004	-3.393677e-004
2.654722630605102e+001	3.030385e+001	1.318184e+002	-1.445267e-004	-2.062303e-004	-3.507571e-004
2.657652318105102e+001	2.665051e+001	1.313882e+002	-1.491157e-004	-2.122891e-004	-3.614048e-004
2.660582005605102e+001	2.320541e+001	1.309451e+002	-1.533897e-004	-2.178986e-004	-3.712884e-004
2.663511693105102e+001	1.997585e+001	1.304899e+002	-1.573398e-004	-2.230472e-004	-3.803869e-004
2.666441380605102e+001	1.696868e+001	1.300237e+002	-1.609574e-004	-2.277237e-004	-3.886811e-004
2.669371068105102e+001	1.419025e+001	1.295473e+002	-1.642350e-004	-2.319184e-004	-3.961534e-004
2.672300755605102e+001	1.164645e+001	1.290619e+002	-1.671655e-004	-2.356224e-004	-4.027880e-004
2.675230443105102e+001	9.342661e+000	1.285684e+002	-1.697429e-004	-2.388278e-004	-4.085707e-004
2.678160130605102e+001	7.283772e+000	1.280678e+002	-1.719617e-004	-2.415278e-004	-4.134895e-004
2.681089818105102e+001	5.474136e+000	1.275613e+002	-1.738170e-004	-2.437167e-004	-4.175338e-004
2.684019505605102e+001	3.917586e+000	1.270499e+002	-1.753051e-004	-2.453899e-004	-4.206951e-004
2.686949193105102e+001	2.617418e+000	1.265347e+002	-1.764227e-004	-2.465438e-004	-4.229666e-004
2.689878880605102e+001	1.576384e+000	1.260167e+002	-1.771675e-004	-2.471760e-004	-4.243436e-004
2.692808568105102e+001	7.966887e-001	1.254971e+002	-1.775380e-004	-2.472852e-004	-4.248231e-004
2.695738255605102e+001	2.799835e-001	1.249770e+002	-1.775332e-004	-2.468710e-004	-4.244042e-004
2.698667943105102e+001	2.736210e-002	1.244575e+002	-1.771532e-004	-2.459345e-004	-4.230877e-004
2.701597630605102e+001	3.935951e-002	1.239396e+002	-1.763989e-004	-2.444775e-004	-4.208764e-004
2.704527318105102e+001	3.159503e-001	1.234244e+002	-1.752718e-004	-2.425031e-004	-4.177749e-004
2.707457005605102e+001	8.565488e-001	1.229131e+002	-1.737743e-004	-2.400156e-004	-4.137899e-004
2.710386693105102e+001	1.660010e+000	1.224067e+002	-1.719096e-004	-2.370201e-004	-4.089297e-004
2.713316380605102e+001	2.724633e+000	1.219064e+002	-1.696816e-004	-2.335231e-004	-4.032047e-004
2.716246068105102e+001	4.048164e+000	1.214130e+002	-1.670950e-004	-2.295319e-004	-3.966269e-004
2.719175755605102e+001	5.627800e+000	1.209278e+002	-1.641553e-004	-2.250550e-004	-3.892104e-004
2.722105443105102e+001	7.460196e+000	1.204517e+002	-1.608687e-004	-2.201019e-004	-3.809707e-004
2.725035130605102e+001	9.541473e+000	1.199857e+002	-1.572423e-004	-2.146830e-004	-3.719253e-004
2.727964818105102e+001	1.186722e+001	1.195308e+002	-1.532835e-004	-2.088099e-004	-3.620934e-004
2.730894505605102e+001	1.443252e+001	1.190880e+002	-1.490010e-004	-2.024948e-004	-3.514958e-004
2.733824193105102e+001	1.723194e+001	1.186582e+002	-1.444036e-004	-1.957514e-004	-3.401550e-004
2.736753880605102e+001	2.025954e+001	1.182424e+002	-1.395011e-004	-1.885937e-004	-3.280948e-004
2.739683568105102e+001	2.350893e+001	1.178413e+002	-1.343040e-004	-1.810370e-004	-3.153410e-004
2.742613255605102e+001	2.697321e+001	1.174559e+002	-1.288232e-004	-1.730972e-004	-3.019204e-004
2.745542943105102e+001	3.064506e+001	1.170869e+002	-1.230703e-004	-1.647912e-004	-2.878614e-004
2.748472630605102e+001	3.451669e+001	1.167351e+002	-1.170575e-004	-1.561365e-004	-2.731940e-004
2.754332005605102e+001	4.282613e+001	1.160863e+002	-1.043036e-004	-1.378552e-004	-2.421588e-004
2.760191380605102e+001	5.183118e+001	1.155147e+002	-9.066940e-005	-1.184081e-004	-2.090775e-004
2.766050755605102e+001	6.145562e+001	1.150254e+002	-7.627039e-005	-9.795972e-005	-1.742301e-004
2.774839818105102e+001	7.687415e+001	1.144543e+002	-5.350586e-005	-6.579037e-005	-1.192962e-004
2.783628880605102e+001	9.320850e+001	1.140880e+002	-2.972904e-005	-3.237143e-005	-6.210047e-005
2.789488255605102e+001	1.044539e+002	1.139612e+002	-1.353829e-005	-9.711327e-006	-2.324962e-005
2.795347630605102e+001	1.158732e+002	1.139296e+002	2.764487e-006	1.302995e-005	1.579444e-005
2.801207005605102e+001	1.273698e+002	1.139935e+002	1.904132e-005	3.565991e-005	5.470123e-005
2.809996068105102e+001	1.445467e+002	1.142670e+002	4.310690e-005	6.897775e-005	1.120847e-004
2.818785130605102e+001	1.613516e+002	1.147487e+002	6.634655e-005	1.009807e-004	1.673273e-004
2.827574193105102e+001	1.774647e+002	1.154293e+002	8.831811e-005	1.310599e-004	2.193780e-004
2.836363255605102e+001	1.925795e+002	1.162960e+002	1.086035e-004	1.586429e-004	2.672464e-004
2.845152318105102e+001	2.064082e+002	1.173320e+002	1.268168e-004	1.832048e-004	3.100216e-004
2.853941380605102e+001	2.186877e+002	1.185177e+002	1.426115e-004	2.042782e-004	3.468897e-004
2.862730443105102e+001	2.291844e+002	1.198304e+002	1.556870e-004	2.214623e-004	3.771493e-004
2.871519505605102e+001	2.376985e+002	1.212452e+002	1.657946e-004	2.344300e-004	4.002246e-004
2.880308568105102e+001	2.440679e+002	1.227350e+002	1.727421e-004	2.429345e-004	4.156766e-004
2.889097630605102e+001	2.481715e+002	1.242715e+002	1.763972e-004	2.468141e-004	4.232113e-004
2.897886693105102e+001	2.499311e+002	1.258253e+002	1.766905e-004	2.459950e-004	4.226855e-004
2.906675755605102e+001	2.493134e+002	1.273669e+002	1.736165e-004	2.404928e-004	4.141092e-004
2.915464818105102e+001	2.463299e+002	1.288669e+002	1.672337e-004	2.304121e-004	3.976458e-004
2.924253880605102e+001	2.410376e+002	1.302967e+002	1.576636e-004	2.159450e-004	3.736086e-004
2.933042943105102e+001	2.335371e+002	1.316291e+002	1.450885e-004	1.973668e-004	3.424552e-004
2.941832005605102e+001	2.239712e+002	1.328386e+002	1.297476e-004	1.750309e-004	3.047785e-004
2.950621068105102e+001	2.125219e+002	1.339021e+002	1.119330e-004	1.493625e-004	2.612955e-004
2.959410130605102e+001	1.994070e+002	1.347995e+002	9.198381e-005	1.208501e-004	2.128339e-004
2.968199193105102e+001	1.848762e+002	1.355136e+002	7.027962e-005	9.003624e-005	1.603159e-004
2.976988255605102e+001	1.692059e+002	1.360308e+002	4.723353e-005	5.750741e-005	1.047409e-004
2.985777318105102e+001	1.526944e+002	1.363411e+002	2.328419e-005	2.388264e-005	4.716683e-005
2.991636693105102e+001	1.413741e+002	1.364300e+002	7.040787e-006	1.172772e-006	8.213558e-006
2.997496068105102e+001	1.299152e+002	1.364243e+002	-9.265014e-006	-2.154961e-005	-3.081463e-005
3.000000000000000e+001	1.250000e+002	1.363975e+002	-1.622501e-005	-3.122925e-005	-4.745426e-005
